0.000000000000000000e+00 1.236931687685298087e+01 1.920937271229854559e+01 3.106444913401813324e+01 2.220360331117451835e+01 1.676305461424021104e+01 2.282542442102665348e+01 1.166190378969060149e+01 2.420743687382040932e+01 3.401470270338990076e+01 1.208304597359457233e+01 2.088061301782110135e+01 4.186884283091664116e+01 2.692582403567251959e+01 3.601388621073821383e+01 1.860107523773827509e+01 3.067572330035593353e+01 2.758622844826744469e+01 4.579301256742124338e+01 2.088061301782110135e+01 2.692582403567251959e+01 7.071067811865475505e+00 2.158703314492290204e+01 2.900000000000000000e+01 3.310589071449369669e+01 1.886796226411320632e+01 8.062257748298549132e+00 1.615549442140351033e+01 2.137755832643194864e+01 3.264965543462901820e+01 1.700000000000000000e+01 6.082762530298219339e+00 4.295346318982905842e+01 3.061045573002793319e+01 2.731300056749532601e+01 3.106444913401813324e+01 3.041381265149109936e+01 1.878829422805593552e+01 4.304648650006176780e+01 5.603570290448760005e+01 4.420407221060068537e+01 4.494441010848846219e+01 3.417601498127012150e+01 3.765634076752546378e+01 4.204759208325727826e+01 1.392838827718411920e+01 2.332380757938120297e+01 1.236931687685298087e+01 2.640075756488817049e+01 2.420743687382040932e+01 1.389244398944980396e+01
1.236931687685298087e+01 0.000000000000000000e+00 1.529705854077835525e+01 3.701351104664349378e+01 2.102379604162863913e+01 2.807133769523639799e+01 3.492849839314595783e+01 2.220360331117451835e+01 1.627882059609970611e+01 2.807133769523639799e+01 1.063014581273464998e+01 2.475883680627989492e+01 5.011985634456667071e+01 3.765634076752546378e+01 3.546829570193639825e+01 8.544003745317530374e+00 3.405877273185280529e+01 3.577708763999663688e+01 5.091168824543142080e+01 1.204159457879229578e+01 1.476482306023340030e+01 1.063014581273464998e+01 3.395585369269929288e+01 4.110960958218893069e+01 4.341658669218482203e+01 2.906888370749726747e+01 1.902629759044044633e+01 1.897366596101027625e+01 9.055385138137417300e+00 2.376972864800942631e+01 2.332380757938120297e+01 1.140175425099137918e+01 3.911521443121588959e+01 2.000000000000000000e+01 1.910497317454279909e+01 2.441311123146740414e+01 3.190611226708763226e+01 1.456021977856103611e+01 3.544009029333869876e+01 6.152235366108809700e+01 5.044799302251775686e+01 4.801041553663121420e+01 4.648655719667783615e+01 3.894868418830089496e+01 4.026164427839479032e+01 1.972308292331602075e+01 2.941088233970548416e+01 2.473863375370596174e+01 2.102379604162863913e+01 1.389244398944980396e+01 2.102379604162863913e+01
1.920937271229854559e+01 1.529705854077835525e+01 0.000000000000000000e+00 4.967896939349688523e+01 3.605551275463989214e+01 3.535533905932737753e+01 3.501428280002319582e+01 2.109502310972898798e+01 3.100000000000000000e+01 4.301162633521313694e+01 2.507987240796890660e+01 3.827531841800927737e+01 6.107372593840987918e+01 4.565084884205330695e+01 5.059644256269407236e+01 2.300000000000000000e+01 4.802082881417187821e+01 4.675467891024383960e+01 6.420280367709808900e+01 7.810249675906653977e+00 2.416609194718914466e+01 1.220655561573370207e+01 3.667424164178449786e+01 4.560701700396551672e+01 5.197114584074513033e+01 2.531797780234432693e+01 2.720294101747088789e+01 9.486832980505138124e+00 1.708800749063506075e+01 3.748332962798262713e+01 1.581138830084189628e+01 2.280350850198275836e+01 5.433231082882449670e+01 3.228002478313794654e+01 1.004987562112088995e+01 1.208304597359457233e+01 4.651881339845203200e+01 2.983286778035259701e+01 4.949747468305832854e+01 7.465252842335615924e+01 6.303173803727769808e+01 6.226556030423238752e+01 4.700000000000000000e+01 5.371219600798313820e+01 5.554277630799526122e+01 3.201562118716424266e+01 4.186884283091664116e+01 2.846049894151541437e+01 3.622154055254966920e+01 2.729468812791236232e+01 3.255764119219941222e+01
3.106444913401813324e+01 3.701351104664349378e+01 4.967896939349688523e+01 0.000000000000000000e+00 2.039607805437113797e+01 2.102379604162863913e+01 3.712142238654116966e+01 3.764306044943742080e+01 3.275667870831839679e+01 3.140063693621516450e+01 2.662705391138869615e+01 1.252996408614166768e+01 1.503329637837290811e+01 1.788854381999831844e+01 1.886796226411320632e+01 3.534119409414458346e+01 7.615773105863908654e+00 7.615773105863908654e+00 1.476482306023340030e+01 4.891829923454003648e+01 4.494441010848846219e+01 3.801315561749642313e+01 3.125699921617556853e+01 2.863564212655270680e+01 1.769180601295413169e+01 4.257933771208753626e+01 2.416609194718914466e+01 4.701063709417263681e+01 4.390899680020029905e+01 3.801315561749642313e+01 4.623851208678756564e+01 2.690724809414741969e+01 3.052867504494749440e+01 4.159326868617084472e+01 5.597320787662611963e+01 6.081118318204308792e+01 1.264911064067351809e+01 2.657066051117284644e+01 4.052159917870962147e+01 2.500000000000000000e+01 1.345362404707370985e+01 1.603121954188139853e+01 4.085339643163099055e+01 1.486606874731850603e+01 2.483948469674844262e+01 1.769180601295413169e+01 7.810249675906653977e+00 2.942787793912432193e+01 2.807133769523639799e+01 3.764306044943742080e+01 1.720465053408525335e+01
2.220360331117451835e+01 2.102379604162863913e+01 3.605551275463989214e+01 2.039607805437113797e+01 0.000000000000000000e+00 2.549509756796392423e+01 4.022437072223753063e+01 3.324154027718932269e+01 1.236931687685298087e+01 1.421267040355189515e+01 1.118033988749894903e+01 9.219544457292887074e+00 3.535533905932737753e+01 3.046309242345563462e+01 1.456021977856103611e+01 1.627882059609970611e+01 1.476482306023340030e+01 2.319482700948640286e+01 3.190611226708763226e+01 3.275667870831839679e+01 2.505992817228333536e+01 2.707397274136176790e+01 3.612478373637688378e+01 3.883297567789519888e+01 3.395585369269929288e+01 4.016217125604640614e+01 2.059126028197400160e+01 3.712142238654116966e+01 2.545584412271571040e+01 1.824828759089465890e+01 3.911521443121588959e+01 1.612451549659709826e+01 2.088061301782110135e+01 2.121320343559642652e+01 3.966106403010387993e+01 4.527692569068708650e+01 1.131370849898476116e+01 7.071067811865475505e+00 2.420743687382040932e+01 4.243819034784588951e+01 3.269556544854363267e+01 2.758622844826744469e+01 4.879549159502340672e+01 1.802775637731994607e+01 2.002498439450078749e+01 1.204159457879229578e+01 1.513274595042155646e+01 2.915475947422650194e+01 8.246211251235321171e+00 1.746424919657297892e+01 1.414213562373095101e+01
1.676305461424021104e+01 2.807133769523639799e+01 3.535533905932737753e+01 2.102379604162863913e+01 2.549509756796392423e+01 0.000000000000000000e+00 1.649242250247064234e+01 1.802775637731994607e+01 3.401470270338990076e+01 3.969886648255841521e+01 2.184032966784155505e+01 1.802775637731994607e+01 2.720294101747088789e+01 1.029563014098700080e+01 3.443835071544512516e+01 3.157530680769388809e+01 2.473863375370596174e+01 1.456021977856103611e+01 3.492849839314595783e+01 3.764306044943742080e+01 4.130375285612676350e+01 2.325940669922601600e+01 1.118033988749894903e+01 1.392838827718411920e+01 1.664331697709323876e+01 2.184032966784155505e+01 9.055385138137417300e+00 2.973213749463701205e+01 3.701351104664349378e+01 4.205948168962618183e+01 2.720294101747088789e+01 1.702938636592640265e+01 4.465422712353221613e+01 4.237924020083418242e+01 4.401136216933077350e+01 4.741307836451878899e+01 2.731300056749532601e+01 2.683281572999747766e+01 4.967896939349688523e+01 4.401136216933077350e+01 3.195309061734091571e+01 3.700000000000000000e+01 2.334523505985750447e+01 3.324154027718932269e+01 4.114608122288196768e+01 1.360147050873544394e+01 1.552417469626002422e+01 8.944271909999159220e+00 3.301514803843835466e+01 3.640054944640259293e+01 1.140175425099137918e+01
2.282542442102665348e+01 3.492849839314595783e+01 3.501428280002319582e+01 3.712142238654116966e+01 4.022437072223753063e+01 1.649242250247064234e+01 0.000000000000000000e+00 1.403566884761819900e+01 4.609772228646443892e+01 5.403702434442518410e+01 3.330165161069342616e+01 3.401470270338990076e+01 3.984971769034255118e+01 2.158703314492290204e+01 5.069516742254630515e+01 4.134005321718877468e+01 4.123105625617660763e+01 3.000000000000000000e+01 5.015974481593781320e+01 4.031128874149274566e+01 4.965883607174054504e+01 2.570992026436488231e+01 6.082762530298219339e+00 1.421267040355189515e+01 2.692582403567251959e+01 1.118033988749894903e+01 1.984943324127920761e+01 2.630589287593181069e+01 4.365775990588614519e+01 5.456189146281496249e+01 2.088061301782110135e+01 2.701851217221259205e+01 6.041522986797286165e+01 5.325410782277739230e+01 4.500000000000000000e+01 4.638965401897280572e+01 4.365775990588614519e+01 3.959797974644666141e+01 6.378087487640789988e+01 5.824946351684279477e+01 4.652956049652736681e+01 5.315072906367324634e+01 1.204159457879229578e+01 4.972926703662542280e+01 5.738466694161429160e+01 2.830194339616981125e+01 3.201562118716424266e+01 1.131370849898476116e+01 4.675467891024383960e+01 4.687216658103186262e+01 2.641968962724581260e+01
1.166190378969060149e+01 2.220360331117451835e+01 2.109502310972898798e+01 3.764306044943742080e+01 3.324154027718932269e+01 1.802775637731994607e+01 1.403566884761819900e+01 0.000000000000000000e+00 3.580502757993631491e+01 4.561797891182817466e+01 2.370653918225939449e+01 3.000000000000000000e+01 4.522167621838005402e+01 2.758622844826744469e+01 4.627094120503709718e+01 2.969848480983499428e+01 3.920459156782531807e+01 3.220248437620923454e+01 5.220153254455274805e+01 2.630589287593181069e+01 3.689173349139343117e+01 1.208304597359457233e+01 1.581138830084189628e+01 2.507987240796890660e+01 3.394112549695427816e+01 7.211102550927978250e+00 1.403566884761819900e+01 1.300000000000000000e+01 3.041381265149109936e+01 4.420407221060068537e+01 9.219544457292887074e+00 1.746424919657297892e+01 5.412023651093923604e+01 4.172529209005013229e+01 3.101612483854164637e+01 3.275667870831839679e+01 4.001249804748510996e+01 3.041381265149109936e+01 5.470831746635972337e+01 6.174139616173252421e+01 4.965883607174054504e+01 5.295280917949490629e+01 2.607680962081059661e+01 4.701063709417263681e+01 5.261178575186362139e+01 2.302172886644267535e+01 3.059411708155671050e+01 9.219544457292887074e+00 3.801315561749642313e+01 3.535533905932737753e+01 2.202271554554523902e+01
2.420743687382040932e+01 1.627882059609970611e+01 3.100000000000000000e+01 3.275667870831839679e+01 1.236931687685298087e+01 3.401470270338990076e+01 4.609772228646443892e+01 3.580502757993631491e+01 0.000000000000000000e+00 1.204159457879229578e+01 1.280624847486569706e+01 2.102379604162863913e+01 4.767598976424086743e+01 4.100000000000000000e+01 2.334523505985750447e+01 8.000000000000000000e+00 2.692582403567251959e+01 3.500000000000000000e+01 4.382921400162225467e+01 2.549509756796392423e+01 1.345362404707370985e+01 2.600000000000000000e+01 4.326661530556787483e+01 4.792702786528703740e+01 4.527692569068708650e+01 4.301162633521313694e+01 2.662705391138869615e+01 3.517101079013794873e+01 1.615549442140351033e+01 8.485281374238569541e+00 3.900000000000000000e+01 1.910497317454279909e+01 2.376972864800942631e+01 9.000000000000000000e+00 3.162277660168379256e+01 3.764306044943742080e+01 2.282542442102665348e+01 7.280109889280518054e+00 1.931320791582796659e+01 5.420332093147060704e+01 4.494441010848846219e+01 3.860051813123756403e+01 5.630275304103698630e+01 2.842534080710379030e+01 2.641968962724581260e+01 2.088061301782110135e+01 2.701851217221259205e+01 3.482814953453599571e+01 6.403124237432848531e+00 5.656854249492380582e+00 2.308679276123039159e+01
3.401470270338990076e+01 2.807133769523639799e+01 4.301162633521313694e+01 3.140063693621516450e+01 1.421267040355189515e+01 3.969886648255841521e+01 5.403702434442518410e+01 4.561797891182817466e+01 1.204159457879229578e+01 0.000000000000000000e+00 2.193171219946130890e+01 2.282542442102665348e+01 4.617358552246078318e+01 4.429446918070020445e+01 1.581138830084189628e+01 2.002498439450078749e+01 2.408318915758459156e+01 3.605551275463989214e+01 3.883297567789519888e+01 3.748332962798262713e+01 2.370653918225939449e+01 3.710795063055894616e+01 5.020956084253276686e+01 5.300943312279428454e+01 4.716990566028302112e+01 5.277309920783504538e+01 3.420526275297414287e+01 4.669047011971500893e+01 2.789265136196270589e+01 9.219544457292887074e+00 5.000000000000000000e+01 2.817800560721074277e+01 1.208304597359457233e+01 1.562049935181330795e+01 4.341658669218482203e+01 4.947726750741192348e+01 1.902629759044044633e+01 1.523154621172781731e+01 1.000000000000000000e+01 4.838388161361177708e+01 4.119465984809195902e+01 3.195309061734091571e+01 6.296824596572466248e+01 2.184032966784155505e+01 1.627882059609970611e+01 2.617250465660480074e+01 2.823118842698620767e+01 4.280186911806539030e+01 7.615773105863908654e+00 1.676305461424021104e+01 2.831960451701259274e+01
1.208304597359457233e+01 1.063014581273464998e+01 2.507987240796890660e+01 2.662705391138869615e+01 1.118033988749894903e+01 2.184032966784155505e+01 3.330165161069342616e+01 2.370653918225939449e+01 1.280624847486569706e+01 2.193171219946130890e+01 0.000000000000000000e+00 1.421267040355189515e+01 4.031128874149274566e+01 3.001666203960726875e+01 2.570992026436488231e+01 1.000000000000000000e+01 2.343074902771996193e+01 2.624880949681337583e+01 4.031128874149274566e+01 2.267156809750926882e+01 2.002498439450078749e+01 1.600000000000000000e+01 3.052867504494749440e+01 3.573513677041127323e+01 3.512833614050059339e+01 3.088689042296100240e+01 1.389244398944980396e+01 2.601922366251537611e+01 1.746424919657297892e+01 2.126029162546929996e+01 2.844292530665578411e+01 6.403124237432848531e+00 3.125699921617556853e+01 2.061552812808830382e+01 2.973213749463701205e+01 3.500000000000000000e+01 2.147091055358388800e+01 6.708203932499369415e+00 3.106444913401813324e+01 5.093132631298737323e+01 4.000000000000000000e+01 3.744329045369811126e+01 4.356604182158393002e+01 2.863564212655270680e+01 3.114482300479487265e+01 1.019803902718556898e+01 1.923538406167134340e+01 2.202271554554523902e+01 1.431782106327635340e+01 1.456021977856103611e+01 1.204159457879229578e+01
2.088061301782110135e+01 2.475883680627989492e+01 3.827531841800927737e+01 1.252996408614166768e+01 9.219544457292887074e+00 1.802775637731994607e+01 3.401470270338990076e+01 3.000000000000000000e+01 2.102379604162863913e+01 2.282542442102665348e+01 1.421267040355189515e+01 0.000000000000000000e+00 2.692582403567251959e+01 2.147091055358388800e+01 1.676305461424021104e+01 2.284731931759172596e+01 9.848857801796103928e+00 1.403566884761819900e+01 2.617250465660480074e+01 3.676955262170046979e+01 3.257299494980465937e+01 2.731300056749532601e+01 2.915475947422650194e+01 3.047950130825634218e+01 2.473863375370596174e+01 3.622154055254966920e+01 1.603121954188139853e+01 3.700000000000000000e+01 3.138470965295043058e+01 2.745906043549196340e+01 3.748332962798262713e+01 1.565247584249852864e+01 2.662705391138869615e+01 3.001666203960726875e+01 4.384062043356594529e+01 4.891829923454003648e+01 1.004987562112088995e+01 1.431782106327635340e+01 3.275667870831839679e+01 3.676955262170046979e+01 2.580697580112788003e+01 2.416609194718914466e+01 4.123105625617660763e+01 1.702938636592640265e+01 2.340939982143925135e+01 7.071067811865475505e+00 6.000000000000000000e+00 2.376972864800942631e+01 1.746424919657297892e+01 2.549509756796392423e+01 8.062257748298549132e+00
4.186884283091664116e+01 5.011985634456667071e+01 6.107372593840987918e+01 1.503329637837290811e+01 3.535533905932737753e+01 2.720294101747088789e+01 3.984971769034255118e+01 4.522167621838005402e+01 4.767598976424086743e+01 4.617358552246078318e+01 4.031128874149274566e+01 2.692582403567251959e+01 0.000000000000000000e+00 1.838477631085023489e+01 3.228002478313794654e+01 4.964876634922563881e+01 2.209072203437452231e+01 1.442220510185595650e+01 1.442220510185595650e+01 6.158733636065128536e+01 5.948108943185220454e+01 4.891829923454003648e+01 3.383784863137726262e+01 2.716615541441224835e+01 1.315294643796590535e+01 4.830113870293328659e+01 3.397057550292606010e+01 5.663920903402518547e+01 5.777542730261716031e+01 5.303772242470447651e+01 5.440588203494177577e+01 3.911521443121588959e+01 4.365775990588614519e+01 5.656854249492380404e+01 6.850547423381580359e+01 7.280109889280518587e+01 2.716615541441224835e+01 4.123105625617660763e+01 5.491812087098392681e+01 1.900000000000000000e+01 9.433981132056603158e+00 2.193171219946130890e+01 3.900000000000000000e+01 2.692582403567251959e+01 3.716180835212409050e+01 3.041381265149109936e+01 2.118962010041709121e+01 3.605551275463989214e+01 4.310452412450461424e+01 5.239274758971894386e+01 2.915475947422650194e+01
2.692582403567251959e+01 3.765634076752546378e+01 4.565084884205330695e+01 1.788854381999831844e+01 3.046309242345563462e+01 1.029563014098700080e+01 2.158703314492290204e+01 2.758622844826744469e+01 4.100000000000000000e+01 4.429446918070020445e+01 3.001666203960726875e+01 2.147091055358388800e+01 1.838477631085023489e+01 0.000000000000000000e+00 3.538361202590826338e+01 4.001249804748510996e+01 2.420743687382040932e+01 1.029563014098700080e+01 2.901723625709381693e+01 4.775981574503821037e+01 5.000000000000000000e+01 3.354101966249684352e+01 1.552417469626002422e+01 1.077032961426900748e+01 6.403124237432848531e+00 3.001666203960726875e+01 1.897366596101027625e+01 3.982461550347975532e+01 4.638965401897280572e+01 4.838388161361177708e+01 3.679673898594819548e+01 2.630589287593181069e+01 4.669047011971500893e+01 4.981967482832460092e+01 5.423098745182499414e+01 5.770615218501403376e+01 2.828427124746190202e+01 3.373425558686599857e+01 5.420332093147060704e+01 3.667424164178449786e+01 2.507987240796890660e+01 3.324154027718932269e+01 2.308679276123039159e+01 3.244996147917590434e+01 4.186884283091664116e+01 2.022374841615668473e+01 1.640121946685672683e+01 1.838477631085023489e+01 3.862641583165593318e+01 4.428317965096906050e+01 1.811077027627483460e+01
3.601388621073821383e+01 3.546829570193639825e+01 5.059644256269407236e+01 1.886796226411320632e+01 1.456021977856103611e+01 3.443835071544512516e+01 5.069516742254630515e+01 4.627094120503709718e+01 2.334523505985750447e+01 1.581138830084189628e+01 2.570992026436488231e+01 1.676305461424021104e+01 3.228002478313794654e+01 3.538361202590826338e+01 0.000000000000000000e+00 2.968164415931165934e+01 1.140175425099137918e+01 2.549509756796392423e+01 2.319482700948640286e+01 4.695742752749558235e+01 3.676955262170046979e+01 4.143669871020131978e+01 4.561797891182817466e+01 4.560701700396551672e+01 3.640054944640259293e+01 5.277309920783504538e+01 3.255764119219941222e+01 5.147815070493500400e+01 3.883297567789519888e+01 2.459674775249768786e+01 5.300943312279428454e+01 3.006659275674581622e+01 1.166190378969060149e+01 3.023243291566194912e+01 5.371219600798313820e+01 5.948108943185220454e+01 7.211102550927978250e+00 2.102379604162863913e+01 2.302172886644267535e+01 3.257299494980465937e+01 2.601922366251537611e+01 1.615549442140351033e+01 5.714017850864661341e+01 6.082762530298219339e+00 6.708203932499369415e+00 2.334523505985750447e+01 1.941648783894759944e+01 4.052159917870962147e+01 1.697056274847713908e+01 2.900000000000000000e+01 2.473863375370596174e+01
1.860107523773827509e+01 8.544003745317530374e+00 2.300000000000000000e+01 3.534119409414458346e+01 1.627882059609970611e+01 3.157530680769388809e+01 4.134005321718877468e+01 2.969848480983499428e+01 8.000000000000000000e+00 2.002498439450078749e+01 1.000000000000000000e+01 2.284731931759172596e+01 4.964876634922563881e+01 4.001249804748510996e+01 2.968164415931165934e+01 0.000000000000000000e+00 3.080584360149872580e+01 3.590264614203248072e+01 4.801041553663121420e+01 1.772004514666934938e+01 1.004987562112088995e+01 1.886796226411320632e+01 3.939543120718441571e+01 4.535416188179426911e+01 4.509988913511872255e+01 3.679673898594819548e+01 2.308679276123039159e+01 2.751363298439520833e+01 9.219544457292887074e+00 1.523154621172781731e+01 3.176476034853718033e+01 1.486606874731850603e+01 3.157530680769388809e+01 1.204159457879229578e+01 2.416609194718914466e+01 3.008321791298264714e+01 2.758622844826744469e+01 9.219544457292887074e+00 2.692582403567251959e+01 5.860034129593444874e+01 4.837354648979129479e+01 4.384062043356594529e+01 5.232590180780452016e+01 3.405877273185280529e+01 3.361547262794321966e+01 2.009975124224177989e+01 2.846049894151541437e+01 3.041381265149109936e+01 1.360147050873544394e+01 5.656854249492380582e+00 2.202271554554523902e+01
3.067572330035593353e+01 3.405877273185280529e+01 4.802082881417187821e+01 7.615773105863908654e+00 1.476482306023340030e+01 2.473863375370596174e+01 4.123105625617660763e+01 3.920459156782531807e+01 2.692582403567251959e+01 2.408318915758459156e+01 2.343074902771996193e+01 9.848857801796103928e+00 2.209072203437452231e+01 2.420743687382040932e+01 1.140175425099137918e+01 3.080584360149872580e+01 0.000000000000000000e+00 1.414213562373095101e+01 1.720465053408525335e+01 4.609772228646443892e+01 3.982461550347975532e+01 3.716180835212409050e+01 3.573513677041127323e+01 3.466987164671942878e+01 2.500000000000000000e+01 4.500000000000000000e+01 2.517935662402834396e+01 4.681879964287850271e+01 3.982461550347975532e+01 3.125699921617556853e+01 4.707440918375927907e+01 2.549509756796392423e+01 2.302172886644267535e+01 3.544009029333869876e+01 5.315072906367324634e+01 5.841232746604093506e+01 5.099019513592784492e+00 2.163330765278393741e+01 3.298484500494128469e+01 2.780287754891568852e+01 1.802775637731994607e+01 1.431782106327635340e+01 4.652956049652736681e+01 8.544003745317530374e+00 1.769180601295413169e+01 1.676305461424021104e+01 9.219544457292887074e+00 3.206243908376279705e+01 2.158703314492290204e+01 3.220248437620923454e+01 1.726267650163206824e+01
2.758622844826744469e+01 3.577708763999663688e+01 4.675467891024383960e+01 7.615773105863908654e+00 2.319482700948640286e+01 1.456021977856103611e+01 3.000000000000000000e+01 3.220248437620923454e+01 3.500000000000000000e+01 3.605551275463989214e+01 2.624880949681337583e+01 1.403566884761819900e+01 1.442220510185595650e+01 1.029563014098700080e+01 2.549509756796392423e+01 3.590264614203248072e+01 1.414213562373095101e+01 0.000000000000000000e+00 2.039607805437113797e+01 4.716990566028302112e+01 4.589117562233506220e+01 3.465544690232691494e+01 2.402082429892862692e+01 2.102379604162863913e+01 1.118033988749894903e+01 3.640054944640259293e+01 1.984943324127920761e+01 4.280186911806539030e+01 4.365775990588614519e+01 4.143669871020131978e+01 4.118252056394800320e+01 2.469817807045693669e+01 3.701351104664349378e+01 4.400000000000000000e+01 5.408326913195983821e+01 5.841232746604093506e+01 1.860107523773827509e+01 2.807133769523639799e+01 4.569463863518345192e+01 2.954657340538831534e+01 1.746424919657297892e+01 2.334523505985750447e+01 3.324154027718932269e+01 2.220360331117451835e+01 3.182766092567909766e+01 1.615549442140351033e+01 8.062257748298549132e+00 2.340939982143925135e+01 3.140063693621516450e+01 3.920459156782531807e+01 1.476482306023340030e+01
4.579301256742124338e+01 5.091168824543142080e+01 6.420280367709808900e+01 1.476482306023340030e+01 3.190611226708763226e+01 3.492849839314595783e+01 5.015974481593781320e+01 5.220153254455274805e+01 4.382921400162225467e+01 3.883297567789519888e+01 4.031128874149274566e+01 2.617250465660480074e+01 1.442220510185595650e+01 2.901723625709381693e+01 2.319482700948640286e+01 4.801041553663121420e+01 1.720465053408525335e+01 2.039607805437113797e+01 0.000000000000000000e+00 6.293647591023825072e+01 5.693856338194703426e+01 5.269724850502159086e+01 4.410215414239988974e+01 3.931920650267500150e+01 2.570992026436488231e+01 5.675385449465084520e+01 3.891015291668743714e+01 6.177378084592200480e+01 5.700877125495689768e+01 4.712748667179271678e+01 6.092618484691126923e+01 4.140048308896890461e+01 3.313608305156178346e+01 5.200000000000000000e+01 7.000714249274855661e+01 7.507329751649383809e+01 2.102379604162863913e+01 3.883297567789519888e+01 4.604345773288535071e+01 1.063014581273464998e+01 5.000000000000000000e+00 8.544003745317530374e+00 5.162363799656122865e+01 1.711724276862369010e+01 2.617250465660480074e+01 3.220248437620923454e+01 2.247220505424423109e+01 4.368065933568311010e+01 3.807886552931954327e+01 4.924428900898052319e+01 3.190611226708763226e+01
2.088061301782110135e+01 1.204159457879229578e+01 7.810249675906653977e+00 4.891829923454003648e+01 3.275667870831839679e+01 3.764306044943742080e+01 4.031128874149274566e+01 2.630589287593181069e+01 2.549509756796392423e+01 3.748332962798262713e+01 2.267156809750926882e+01 3.676955262170046979e+01 6.158733636065128536e+01 4.775981574503821037e+01 4.695742752749558235e+01 1.772004514666934938e+01 4.609772228646443892e+01 4.716990566028302112e+01 6.293647591023825072e+01 0.000000000000000000e+00 1.676305461424021104e+01 1.503329637837290811e+01 4.101219330881975367e+01 4.936598018878993344e+01 5.385164807134503917e+01 3.162277660168379256e+01 2.879236009777593708e+01 1.664331697709323876e+01 1.004987562112088995e+01 3.101612483854164637e+01 2.282542442102665348e+01 2.247220505424423109e+01 4.924428900898052319e+01 2.531797780234432693e+01 7.071067811865475505e+00 1.252996408614166768e+01 4.382921400162225467e+01 2.594224354214569317e+01 4.304648650006176780e+01 7.353910524340093957e+01 6.236986451805070431e+01 6.000000000000000000e+01 5.234500931320960149e+01 5.077400909914441485e+01 5.126402247190518580e+01 3.140063693621516450e+01 4.123105625617660763e+01 3.214031735997639316e+01 3.132091952673165025e+01 2.102379604162863913e+01 3.244996147917590434e+01
2.692582403567251959e+01 1.476482306023340030e+01 2.416609194718914466e+01 4.494441010848846219e+01 2.505992817228333536e+01 4.130375285612676350e+01 4.965883607174054504e+01 3.689173349139343117e+01 1.345362404707370985e+01 2.370653918225939449e+01 2.002498439450078749e+01 3.257299494980465937e+01 5.948108943185220454e+01 5.000000000000000000e+01 3.676955262170046979e+01 1.004987562112088995e+01 3.982461550347975532e+01 4.589117562233506220e+01 5.693856338194703426e+01 1.676305461424021104e+01 0.000000000000000000e+00 2.500000000000000000e+01 4.838388161361177708e+01 5.491812087098392681e+01 5.514526271584895056e+01 4.360045871318327926e+01 3.255764119219941222e+01 3.140063693621516450e+01 7.211102550927978250e+00 1.552417469626002422e+01 3.679673898594819548e+01 2.433105012119287736e+01 3.577708763999663688e+01 9.055385138137417300e+00 2.100000000000000000e+01 2.701851217221259205e+01 3.605551275463989214e+01 1.838477631085023489e+01 2.716615541441224835e+01 6.741661516273269683e+01 5.769748694700662384e+01 5.200961449578337437e+01 6.109828148156051242e+01 4.186884283091664116e+01 3.940812099047606409e+01 3.014962686336266984e+01 3.832753579347360073e+01 3.921734310225515685e+01 1.979898987322333070e+01 7.810249675906653977e+00 3.206243908376279705e+01
7.071067811865475505e+00 1.063014581273464998e+01 1.220655561573370207e+01 3.801315561749642313e+01 2.707397274136176790e+01 2.325940669922601600e+01 2.570992026436488231e+01 1.208304597359457233e+01 2.600000000000000000e+01 3.710795063055894616e+01 1.600000000000000000e+01 2.731300056749532601e+01 4.891829923454003648e+01 3.354101966249684352e+01 4.143669871020131978e+01 1.886796226411320632e+01 3.716180835212409050e+01 3.465544690232691494e+01 5.269724850502159086e+01 1.503329637837290811e+01 2.500000000000000000e+01 0.000000000000000000e+00 2.600000000000000000e+01 3.436568055487916240e+01 3.982461550347975532e+01 1.860107523773827509e+01 1.500000000000000000e+01 1.004987562112088995e+01 1.835755975068581947e+01 3.400000000000000000e+01 1.300000000000000000e+01 1.170469991071962568e+01 4.716990566028302112e+01 3.061045573002793319e+01 2.088061301782110135e+01 2.418677324489564739e+01 3.640054944640259293e+01 2.220360331117451835e+01 4.531004303683676682e+01 6.300793600809345918e+01 5.122499389946278825e+01 5.147815070493500400e+01 3.765634076752546378e+01 4.368065933568311010e+01 4.709564735726646489e+01 2.059126028197400160e+01 3.023243291566194912e+01 1.711724276862369010e+01 2.961418578992169515e+01 2.441311123146740414e+01 2.080865204668481283e+01
2.158703314492290204e+01 3.395585369269929288e+01 3.667424164178449786e+01 3.125699921617556853e+01 3.612478373637688378e+01 1.118033988749894903e+01 6.082762530298219339e+00 1.581138830084189628e+01 4.326661530556787483e+01 5.020956084253276686e+01 3.052867504494749440e+01 2.915475947422650194e+01 3.383784863137726262e+01 1.552417469626002422e+01 4.561797891182817466e+01 3.939543120718441571e+01 3.573513677041127323e+01 2.402082429892862692e+01 4.410215414239988974e+01 4.101219330881975367e+01 4.838388161361177708e+01 2.600000000000000000e+01 0.000000000000000000e+00 9.433981132056603158e+00 2.102379604162863913e+01 1.555634918610404505e+01 1.664331697709323876e+01 2.879236009777593708e+01 4.295346318982905842e+01 5.161395160225576006e+01 2.418677324489564739e+01 2.459674775249768786e+01 5.575840743780259601e+01 5.100000000000000000e+01 4.638965401897280572e+01 4.850773134253961416e+01 3.848376280978771291e+01 3.640054944640259293e+01 6.010823570859487575e+01 5.217278984298232558e+01 4.044749683231336945e+01 4.726520919238589613e+01 1.303840481040529831e+01 4.427188724235730888e+01 5.232590180780452016e+01 2.408318915758459156e+01 2.657066051117284644e+01 9.219544457292887074e+00 4.318564576337836769e+01 4.472135954999579610e+01 2.202271554554523902e+01
2.900000000000000000e+01 4.110960958218893069e+01 4.560701700396551672e+01 2.863564212655270680e+01 3.883297567789519888e+01 1.392838827718411920e+01 1.421267040355189515e+01 2.507987240796890660e+01 4.792702786528703740e+01 5.300943312279428454e+01 3.573513677041127323e+01 3.047950130825634218e+01 2.716615541441224835e+01 1.077032961426900748e+01 4.560701700396551672e+01 4.535416188179426911e+01 3.466987164671942878e+01 2.102379604162863913e+01 3.931920650267500150e+01 4.936598018878993344e+01 5.491812087098392681e+01 3.436568055487916240e+01 9.433981132056603158e+00 0.000000000000000000e+00 1.403566884761819900e+01 2.483948469674844262e+01 2.236067977499789805e+01 3.807886552931954327e+01 5.015974481593781320e+01 5.590169943749474157e+01 3.361547262794321966e+01 3.059411708155671050e+01 5.663920903402518547e+01 5.630275304103698630e+01 5.510898293381941926e+01 5.756735185849701963e+01 3.841874542459709119e+01 4.071854614300466579e+01 6.300793600809345918e+01 4.609772228646443892e+01 3.505709628591620941e+01 4.396589587396121601e+01 1.236931687685298087e+01 4.304648650006176780e+01 5.220153254455274805e+01 2.729468812791236232e+01 2.624880949681337583e+01 1.726267650163206824e+01 4.664761515876240594e+01 5.028916384272063311e+01 2.505992817228333536e+01
3.310589071449369669e+01 4.341658669218482203e+01 5.197114584074513033e+01 1.769180601295413169e+01 3.395585369269929288e+01 1.664331697709323876e+01 2.692582403567251959e+01 3.394112549695427816e+01 4.527692569068708650e+01 4.716990566028302112e+01 3.512833614050059339e+01 2.473863375370596174e+01 1.315294643796590535e+01 6.403124237432848531e+00 3.640054944640259293e+01 4.509988913511872255e+01 2.500000000000000000e+01 1.118033988749894903e+01 2.570992026436488231e+01 5.385164807134503917e+01 5.514526271584895056e+01 3.982461550347975532e+01 2.102379604162863913e+01 1.403566884761819900e+01 0.000000000000000000e+00 3.605551275463989214e+01 2.507987240796890660e+01 4.622769732530488085e+01 5.197114584074513033e+01 5.217278984298232558e+01 4.313930922024598402e+01 3.201562118716424266e+01 4.801041553663121420e+01 5.423098745182499414e+01 6.041522986797286165e+01 6.400781202322103525e+01 2.968164415931165934e+01 3.811823710509183627e+01 5.685947590331799972e+01 3.206243908376279705e+01 2.121320343559642652e+01 3.130495168499705727e+01 2.607680962081059661e+01 3.252691193458118590e+01 4.252058325093859992e+01 2.501999200639360765e+01 1.897366596101027625e+01 2.475883680627989492e+01 4.220189569201838253e+01 4.901020301937138157e+01 2.308679276123039159e+01
1.886796226411320632e+01 2.906888370749726747e+01 2.531797780234432693e+01 4.257933771208753626e+01 4.016217125604640614e+01 2.184032966784155505e+01 1.118033988749894903e+01 7.211102550927978250e+00 4.301162633521313694e+01 5.277309920783504538e+01 3.088689042296100240e+01 3.622154055254966920e+01 4.830113870293328659e+01 3.001666203960726875e+01 5.277309920783504538e+01 3.679673898594819548e+01 4.500000000000000000e+01 3.640054944640259293e+01 5.675385449465084520e+01 3.162277660168379256e+01 4.360045871318327926e+01 1.860107523773827509e+01 1.555634918610404505e+01 2.483948469674844262e+01 3.605551275463989214e+01 0.000000000000000000e+00 2.022374841615668473e+01 1.603121954188139853e+01 3.689173349139343117e+01 5.140038910358558866e+01 1.004987562112088995e+01 2.459674775249768786e+01 6.103277807866851390e+01 4.879549159502340672e+01 3.535533905932737753e+01 3.601388621073821383e+01 4.627094120503709718e+01 3.758989225842500304e+01 6.191122676865642660e+01 6.578753681359410166e+01 5.375872022286245056e+01 5.830951894845300387e+01 2.236067977499789805e+01 5.308483775994798748e+01 5.922837157984339029e+01 2.942787793912432193e+01 3.605551275463989214e+01 1.315294643796590535e+01 4.517742799230607176e+01 4.244997055358224713e+01 2.816025568065744622e+01
8.062257748298549132e+00 1.902629759044044633e+01 2.720294101747088789e+01 2.416609194718914466e+01 2.059126028197400160e+01 9.055385138137417300e+00 1.984943324127920761e+01 1.403566884761819900e+01 2.662705391138869615e+01 3.420526275297414287e+01 1.389244398944980396e+01 1.603121954188139853e+01 3.397057550292606010e+01 1.897366596101027625e+01 3.255764119219941222e+01 2.308679276123039159e+01 2.517935662402834396e+01 1.984943324127920761e+01 3.891015291668743714e+01 2.879236009777593708e+01 3.255764119219941222e+01 1.500000000000000000e+01 1.664331697709323876e+01 2.236067977499789805e+01 2.507987240796890660e+01 2.022374841615668473e+01 0.000000000000000000e+00 2.302172886644267535e+01 2.800000000000000000e+01 3.500000000000000000e+01 2.213594362117865444e+01 8.246211251235321171e+00 4.123105625617660763e+01 3.443835071544512516e+01 3.534119409414458346e+01 3.911521443121588959e+01 2.607680962081059661e+01 1.984943324127920761e+01 4.393176527297759293e+01 4.887739763939974580e+01 3.689173349139343117e+01 3.905124837953326988e+01 2.968164415931165934e+01 3.300000000000000000e+01 3.905124837953326988e+01 9.219544457292887074e+00 1.676305461424021104e+01 8.602325267042626677e+00 2.690724809414741969e+01 2.823118842698620767e+01 8.000000000000000000e+00
1.615549442140351033e+01 1.897366596101027625e+01 9.486832980505138124e+00 4.701063709417263681e+01 3.712142238654116966e+01 2.973213749463701205e+01 2.630589287593181069e+01 1.300000000000000000e+01 3.517101079013794873e+01 4.669047011971500893e+01 2.601922366251537611e+01 3.700000000000000000e+01 5.663920903402518547e+01 3.982461550347975532e+01 5.147815070493500400e+01 2.751363298439520833e+01 4.681879964287850271e+01 4.280186911806539030e+01 6.177378084592200480e+01 1.664331697709323876e+01 3.140063693621516450e+01 1.004987562112088995e+01 2.879236009777593708e+01 3.807886552931954327e+01 4.622769732530488085e+01 1.603121954188139853e+01 2.302172886644267535e+01 0.000000000000000000e+00 2.420743687382040932e+01 4.272001872658765365e+01 6.324555320336759046e+00 2.158703314492290204e+01 5.707889277132134254e+01 3.847076812334268681e+01 1.941648783894759944e+01 2.009975124224177989e+01 4.632493928760187885e+01 3.206243908376279705e+01 5.440588203494177577e+01 7.186793443532380365e+01 5.990826320300063657e+01 6.109828148156051242e+01 3.811823710509183627e+01 5.360037313302958495e+01 5.714017850864661341e+01 3.008321791298264714e+01 3.935733730830885690e+01 2.163330765278393741e+01 3.931920650267500150e+01 3.269556544854363267e+01 2.996664812754339380e+01
2.137755832643194864e+01 9.055385138137417300e+00 1.708800749063506075e+01 4.390899680020029905e+01 2.545584412271571040e+01 3.701351104664349378e+01 4.365775990588614519e+01 3.041381265149109936e+01 1.615549442140351033e+01 2.789265136196270589e+01 1.746424919657297892e+01 3.138470965295043058e+01 5.777542730261716031e+01 4.638965401897280572e+01 3.883297567789519888e+01 9.219544457292887074e+00 3.982461550347975532e+01 4.365775990588614519e+01 5.700877125495689768e+01 1.004987562112088995e+01 7.211102550927978250e+00 1.835755975068581947e+01 4.295346318982905842e+01 5.015974481593781320e+01 5.197114584074513033e+01 3.689173349139343117e+01 2.800000000000000000e+01 2.420743687382040932e+01 0.000000000000000000e+00 2.100000000000000000e+01 2.969848480983499428e+01 2.009975124224177989e+01 3.984971769034255118e+01 1.529705854077835525e+01 1.552417469626002422e+01 2.158703314492290204e+01 3.676955262170046979e+01 1.838477631085023489e+01 3.301514803843835466e+01 6.762396025078685113e+01 5.714017850864661341e+01 5.303772242470447651e+01 5.536244214266563546e+01 4.327817001676480402e+01 4.248529157249600274e+01 2.751363298439520833e+01 3.667424164178449786e+01 3.373425558686599857e+01 2.236067977499789805e+01 1.118033988749894903e+01 2.912043955712207222e+01
3.264965543462901820e+01 2.376972864800942631e+01 3.748332962798262713e+01 3.801315561749642313e+01 1.824828759089465890e+01 4.205948168962618183e+01 5.456189146281496249e+01 4.420407221060068537e+01 8.485281374238569541e+00 9.219544457292887074e+00 2.126029162546929996e+01 2.745906043549196340e+01 5.303772242470447651e+01 4.838388161361177708e+01 2.459674775249768786e+01 1.523154621172781731e+01 3.125699921617556853e+01 4.143669871020131978e+01 4.712748667179271678e+01 3.101612483854164637e+01 1.552417469626002422e+01 3.400000000000000000e+01 5.161395160225576006e+01 5.590169943749474157e+01 5.217278984298232558e+01 5.140038910358558866e+01 3.500000000000000000e+01 4.272001872658765365e+01 2.100000000000000000e+01 0.000000000000000000e+00 4.695742752749558235e+01 2.758622844826744469e+01 2.080865204668481283e+01 6.708203932499369415e+00 3.622154055254966920e+01 4.229657196511320194e+01 2.647640458974745314e+01 1.526433752247374720e+01 1.204159457879229578e+01 5.700877125495689768e+01 4.903060268852505033e+01 4.071854614300466579e+01 6.463745044476924306e+01 3.046309242345563462e+01 2.549509756796392423e+01 2.863564212655270680e+01 3.337663853655727308e+01 4.327817001676480402e+01 1.004987562112088995e+01 1.019803902718556898e+01 3.087069808086626210e+01
1.700000000000000000e+01 2.332380757938120297e+01 1.581138830084189628e+01 4.623851208678756564e+01 3.911521443121588959e+01 2.720294101747088789e+01 2.088061301782110135e+01 9.219544457292887074e+00 3.900000000000000000e+01 5.000000000000000000e+01 2.844292530665578411e+01 3.748332962798262713e+01 5.440588203494177577e+01 3.679673898594819548e+01 5.300943312279428454e+01 3.176476034853718033e+01 4.707440918375927907e+01 4.118252056394800320e+01 6.092618484691126923e+01 2.282542442102665348e+01 3.679673898594819548e+01 1.300000000000000000e+01 2.418677324489564739e+01 3.361547262794321966e+01 4.313930922024598402e+01 1.004987562112088995e+01 2.213594362117865444e+01 6.324555320336759046e+00 2.969848480983499428e+01 4.695742752749558235e+01 0.000000000000000000e+00 2.302172886644267535e+01 5.968249324550709645e+01 4.326661530556787483e+01 2.570992026436488231e+01 2.600000000000000000e+01 4.726520919238589613e+01 3.492849839314595783e+01 5.830951894845300387e+01 7.066116330771805565e+01 5.859180830116100935e+01 6.113100686231170044e+01 3.238826948140329165e+01 5.445181356024792763e+01 5.903388857258176614e+01 3.041381265149109936e+01 3.889730067755344578e+01 1.843908891458577415e+01 4.244997055358224713e+01 3.721558813185679071e+01 2.983286778035259701e+01
